276584 1 2
279694 1 2235
276586 1 658
276586 680 781
276587 1 1006
279691 71 124
276581 79 447
276582 1 873
276583 1 60
275886 70 109
276361 1 161
276361 169 208
276361 210 800
276361 802 844
276363 1 238
276363 242 1489
279823 61 395
284040 1 35
284041 1 47
284042 1 137
284043 1 227
284044 1 30
274421 1 356
274420 93 268
274422 1 2207
280191 1 781
280191 783 909
280194 1 238
277180 88 228
275125 1 989
275124 106 433
277166 77 433
273425 62 352
273425 354 742
277168 1 2223
275066 1 111
275067 1 396
277981 82 83
277981 85 163
275309 55 627
283876 65 736
283877 1 1496
275068 1 922
274344 1 639
282807 1 330
282800 1 382
283408 1 2125
283408 2203 2416
283408 2528 2543
273725 83 252
273725 254 2556
274160 1 214
274161 1 516
273728 1 112
278805 1 26
278805 30 291
278804 1 8
278803 1 330
278802 1 21
278801 48 92
278962 68 418
278963 1 23
278963 25 175
279794 77 1100
276092 74 153
275767 1 8
276543 1 961
276544 1 163
276097 1 507
283059 1 458
283052 1 124
283050 1 227
280330 1 870
278240 1 64
278240 70 113
278240 115 1309
275344 76 368
275847 1 2263
278345 84 500
278345 503 833
278346 1 150
278349 1 401
278349 403 612
278349 630 639
276244 1 1202
276243 1 15
276243 18 627
276242 1 7
276242 18 61
276242 72 1669
280349 1 247
280349 252 639
277305 62 744
278986 71 199
274345 1 170
283453 83 537
283478 76 303
283478 324 973
275345 1 353
276437 63 224
276437 227 1074
276437 1076 2190
273503 1 598
273502 73 256
273502 258 318
273502 320 813
273502 815 1077
277127 1 438
277127 440 902
277126 42 60
276808 1 883
276807 66 227
280017 1 613
275931 1 89
280015 1 39
280015 41 56
280015 59 554
280015 560 584
280013 1 34
282923 1 17
282923 19 30
282923 32 86
282923 88 229
282922 1 137
282842 1 80
284006 73 394
281976 1 2166
281975 1 215
280018 1 1282
283270 76 1913
276935 79 184
276935 186 838
276935 842 906
275337 1 433
283820 67 1552
281613 101 903
275338 1 520
279667 68 1033
281726 1 291
281727 1 1605
283308 1 547
283308 549 571
283308 573 948
283306 1 291
283307 1 461
283305 79 93
279760 68 578
279760 585 728
279760 798 806
279767 1 776
280016 1 163
282712 1 1
282712 10 68
282710 1 9
275659 1 17
275658 1 344
274319 1 225
274251 1 546
274317 1 22
274316 1 974
274315 1 432
274314 97 165
273158 1 1283
279993 85 163
279588 100 1259
279994 1 59
283934 1 784
283934 793 870
283934 875 1245
283934 1267 1291
274388 1 1820
274954 37 60
283964 1 388
275890 1 1393
280242 1 411
280242 414 639
274382 94 144
276501 1 221
276501 223 2556
276502 1 741
274387 88 447
278874 1 484
278017 77 97
278017 99 213
278017 215 512
278017 514 600
278018 1 263
278018 265 627
278018 642 1011
278018 1020 1181
280024 1 427
273449 1 216
279684 1 34
280020 1 47
278820 17 1540
280188 1 253
274440 92 498
273447 1 113
273447 115 420
280187 4 70
278308 87 216
278308 219 1200
278308 1217 1848
278308 1876 1885
274283 1 22
274339 1 99
274338 1 703
276870 78 1354
276870 1356 3108
276870 3111 3258
276870 3260 3484
275074 1 647
275073 1 523
275370 81 371
275371 1 569
275376 1 3096
283865 1 1177
275375 127 1453
277087 204 1191
282814 1 1843
275782 1 131
275782 133 762
278873 70 136
281641 1 319
273448 1 396
278875 1 834
273446 1 48
274241 1 1180
278976 1 20
278975 1 857
280249 1 1437
278406 85 360
278406 362 1682
281797 125 2176
283049 82 98
283043 1 519
283042 1 10
279653 77 77
279653 82 268
279654 1 108
279654 110 1231
279654 1285 1307
279656 1 43
279656 82 87
278274 1 85
279658 1 713
278273 75 114
283885 1 1723
283884 349 756
274172 31 95
275761 1 11
279715 71 474
279715 476 477
279715 480 480
279715 511 511
279715 523 691
279716 1 860
279716 875 1528
279716 1530 1653
279975 70 190
279975 192 253
279975 256 281
279975 283 709
279975 734 1121
278290 1 11
276585 1 253
276659 1 127
276659 129 252
276655 1 593
276655 595 1114
276653 72 562
276834 1 729
276831 64 2711
282917 117 201
282918 1 59
282919 1 243
275923 1 127
280385 1 519
280385 523 2022
280384 1 47
273402 100 292
273403 1 68
273406 1 125
273404 1 22
273405 2 34
277069 81 394
273408 1 9
273409 1 317
280364 1 619
280364 621 1090
280364 1102 1363
279116 38 485
280363 1 367
279115 118 524
281693 1 2191
283548 144 291
277112 1 155
283469 74 74
283407 82 124
274146 1 73
279029 1 260
273493 1 241
273492 71 282
273492 284 325
273492 327 343
273494 1 192
278822 1 1627
282708 1 8
282037 1 457
282037 459 1862
274244 1 607
282035 1 47
282034 1 35
282033 82 124
274240 1 40
274240 42 86
276283 1 1087
276282 75 534
276282 537 1151
274968 1 1206
274969 1 1007
278366 1 453
284037 1 343
275963 82 139
275963 141 172
279766 1 1694
278310 1 709
279931 84 628
279931 630 801
279931 803 1043
279931 1045 3022
278315 73 254
278315 256 661
278315 663 767
278969 70 1051
278969 1053 1291
278969 1293 1465
276946 1 34
276947 1 150
276940 70 214
277148 83 715
275284 1 74
276948 1 481
275283 1 137
280327 49 98
277094 1 161
277094 164 598
277096 1 2093
278167 87 1660
278167 1662 2260
275912 1 303
275913 1 484
275911 62 298
275911 300 354
275911 356 445
278808 1 445
278808 447 462
278808 464 1793
275918 1 318
275918 348 361
283353 80 832
283359 1 428
283358 1 243
283358 245 986
280251 1 165
280251 167 372
274999 1 1257
274998 63 794
273450 1 214
273450 219 647
275921 1 32
274200 1 678
274199 1 630
274198 81 192
274250 1 704
278509 91 1557
283283 1 1748
278769 75 111
277076 1 3
277076 5 7
277076 9 35
277076 38 1037
283933 88 240
275657 1 111
274335 60 1013
274442 1 752
274337 1 22
274336 1 20
279682 1 47
279683 1 34
279681 77 111
279966 79 441
278289 1 42
278289 44 60
278288 67 84
281639 1 136
277070 1 1063
276527 1 214
276525 87 1606
276525 1626 2904
276528 1 394
276355 1 34
276458 1 341
275000 1 140
275001 1 1781
275001 1786 2061
276454 1 527
282092 92 222
282092 624 2276
277194 113 139
277194 144 2070
279844 72 304
279841 75 398
279841 407 2122
276542 74 858
273411 1 29
273410 1 99
275282 90 185
277073 1 98
277072 1 253
277072 256 484
277071 1 82
277071 90 178
276545 1 110
276545 117 213
275310 1 1939
275311 1 1253
277991 1 98
277992 1 260
277992 262 312
275319 141 292
273554 77 444
273555 1 173
283416 49 245
274094 108 332
273730 1 2126
274157 105 537
278957 79 227
281707 99 982
281707 1000 1065
281707 1087 1089
273302 1 459
274955 1 98
278239 76 754
282734 1 330
282735 1 1823
282730 89 171
282731 1 176
282732 1 73
282733 1 178
275778 1 319
275776 1 149
275777 1 304
275774 1 317
275772 1 61
275773 1 21
279080 68 224
283946 85 1462
274971 1 905
274970 1 47
276318 1 103
276318 106 576
276315 40 175
276315 178 227
276317 1 147
279024 82 382
274159 1 47
276384 1 1117
278770 1 767
284014 1 266
276776 1 1823
276775 96 1269
279887 79 397
276950 1 2353
277420 84 346
284025 109 162
275291 1 356
275290 96 150
275293 1 142
275293 144 201
275292 1 125
276794 1 885
275059 78 81
275059 105 150
276810 1 291
276811 1 2563
274284 1 215
284029 1 112
274286 1 154
274441 1 443
284035 1 369
278175 1 88
284036 1 356
284039 1 34
284038 1 60
276495 87 279
279071 71 244
283830 1 729
283834 1 85
283835 1 112
283682 1 389
283681 1 23
283680 1 87
283685 1 314
279685 1 93
279685 95 209
280383 64 73
275833 1 53
275833 56 115
275833 117 254
275832 1 371
275835 1 20
275834 1 303
275837 1 186
275837 198 726
275836 1 429
275836 431 1163
275836 1166 1170
275836 1184 1306
278923 55 467
279479 86 190
278193 77 231
275920 1 472
