321396 1 1475
321397 1 365
321393 134 148
322599 43 294
320838 93 357
325000 1 371
325001 173 595
325169 1 23
325168 1 21
317089 1 1003
321712 117 263
321710 1 57
317080 41 66
317087 257 852
316361 210 223
316363 41 49
316362 430 450
316590 17 526
319854 1 225
316569 742 1945
316187 1207 2077
316186 38 81
316219 1 283
316218 1 1008
316217 1 264
316216 25 466
320712 39 242
315270 1 633
315801 1 344
315800 41 621
319639 31 1509
319449 562 734
322625 492 1167
322356 1 779
322355 36 137
322057 38 58
316378 1 29
321433 1 125
321432 1 47
321431 30 189
321436 1 710
321434 1 642
319849 1 492
319848 1 53
316877 171 401
316876 40 644
319841 1 167
319840 41 388
320006 36 341
316879 1 156
319847 49 51
320002 52 192
317339 1 163
317338 66 107
316702 1 388
322492 1 1386
324420 1 625
315790 718 922
321283 48 357
321990 1 471
315490 1 24
315557 1 279
315556 1 26
315555 22 97
321262 1 4
324022 1 554
324021 44 819
323978 1 73
317382 58 128
317383 1 58
322407 46 582
317438 71 309
317435 1 1397
320917 1 1926
320916 2 25
323976 31 85
325057 42 383
315721 56 626
321219 1 934
321218 49 962
317663 1 858
316701 1 479
316700 388 397
317661 35 1256
324293 2178 2342
315339 37 654
319503 1 317
317650 1 1304
323526 253 466
323525 97 1126
323524 25 561
323488 738 793
323487 184 498
321067 232 639
319941 43 298
319942 1 50
321068 1 715
321069 1 313
324729 1 193
323702 1 808
321961 1 354
324202 1 240
322319 1 163
324207 1 34
324206 1 149
324205 1 163
315420 954 1748
324209 1 142
322317 48 101
324835 302 369
316114 779 1562
316380 714 1213
315973 262 914
315974 1 71
323414 1 46
323790 45 948
320688 49 531
323794 1 68
317279 43 508
322617 1 601
315840 33 1154
315512 1 1122
315510 1 345
321818 1 690
315690 10 654
321817 1 536
321813 32 352
317475 105 115
317478 1 23
321221 1 40
321461 1 149
319337 48 2240
315764 37 309
325159 48 266
320824 1 1051
320823 1 360
320822 1 523
320821 41 221
321312 1 768
321313 1 408
321138 1 741
321311 1 10
321134 33 70
317696 38 682
316059 323 567
316058 42 405
320920 1 178
324769 1 328
324764 1 150
324765 1 481
322040 32 70
319908 43 53
319909 1 7
322430 46 501
322431 59 1166
317182 65 1424
321140 1 798
321149 1591 1743
316457 1 1454
316455 36 71
319697 490 490
323423 1 136
319756 44 1966
319698 1 312
317591 43 334
321960 18 47
315265 4 58
315264 32 261
315267 1 244
322222 1 526
319993 1 955
319992 1 264
319991 46 882
319625 17 206
319579 41 3168
324237 33 236
322322 267 1205
322324 1 416
318874 1 320
321919 1 6
318872 16 287
318877 1 615
318876 1 161
321917 164 808
320038 43 663
320039 1 30
324785 77 664
320040 1 737
322480 60 408
325117 1 533
325110 1 21
315642 1 92
315641 1 4
315640 46 87
315647 1 58
315646 1 1033
315645 567 594
315644 1 184
315648 1 110
321296 44 67
321295 693 754
321294 1 62
321988 1106 1486
321457 453 1888
315489 672 709
315488 42 843
321178 5 78
323841 46 510
316241 1 325
317392 1119 1900
317391 39 46
317297 347 760
321773 54 79
321774 54 119
321775 14 14
321776 30 45
321777 192 207
321778 8 150
319658 1 225
321007 1 831
321004 39 188
321005 1 61
319656 51 310
319657 1 167
317649 1 621
317648 45 139
320859 1 40
317641 1 1390
317640 29 829
316062 1 4
316060 1 935
316061 194 206
319950 38 205
323493 1 144
323492 1 33
323997 1 498
323495 1 187
316469 17 444
323475 1 77
323474 1 355
323778 1 934
323471 1 238
323470 223 266
323473 1 227
323472 1 64
323775 84 171
316766 1922 2199
316377 21 40
319486 38 103
324980 1044 2340
315357 780 831
320674 1 599
320673 35 901
322603 1 10
322602 72 72
322605 1 280
325097 40 96
325099 1 394
325098 1 8
321781 412 427
321780 517 518
322179 823 1783
316113 1 64
316110 1 210
316111 1 48
322079 409 428
315689 1180 1186
321415 1 804
321414 31 1283
321820 1 214
321231 1 59
321230 41 124
321233 1 727
321232 1 30
319348 1 37
319349 1 148
325022 45 1594
317292 1 330
317291 34 824
319347 40 690
321735 1 146
320858 1 230
315770 39 332
321730 259 291
321732 975 1448
322106 48 871
320853 41 369
320856 1 159
320857 1 272
320854 1 125
320855 1 565
321305 2605 2651
316928 40 188
317340 1 418
321124 1 819
321126 1 493
321121 1 47
321122 1 395
317683 83 402
320933 40 214
320934 1 831
320936 1 407
324772 1 165
323954 1 77
319913 1 56
319912 1 59
319910 1 983
319915 1 416
319914 1 32
321815 1 23
315704 1 61
315705 1 700
316505 923 1364
315703 1 545
320941 1 93
319687 46 90
316239 38 626
316721 1 15
316720 1 182
316723 1 64
316722 1 751
315259 1 172
320980 44 142
322252 42 1586
315257 91 92
323725 18 346
321475 526 2084
323727 826 987
323726 1 60
321177 367 455
322332 37 1055
316153 1 770
321909 210 1654
321908 43 472
320026 1 204
320025 1 113
320024 1 410
320023 17 292
316994 1 14
316995 1 623
324791 1 1217
316993 44 254
324245 23 1681
316667 1 197
325101 464 485
325100 1 254
322381 45 577
323755 864 964
322022 201 1805
315702 38 113
323857 1 357
321167 693 923
321166 1 10
324878 180 1800
324970 1532 2195
320804 46 1274
320807 1 7
323696 1 257
325172 269 485
325170 694 1205
320809 1 716
321887 54 948
323693 38 151
321880 44 132
315741 34 92
317319 44 182
321760 845 855
321011 1 213
321010 1 342
321012 190 201
316271 36 121
316379 1 70
324747 63 1139
321165 1 8
324077 712 753
317488 1 844
322510 37 45
323983 1 188
317484 519 545
316470 1 322
316472 76 333
316200 1 10
316201 1 498
316199 33 1197
324997 29 150
316758 11 1609
316613 49 241
316202 1 403
324999 1 14
324998 1 368
322204 337 1143
322201 39 266
320063 1 64
315361 40 619
320061 1 49
315363 82 90
320065 1 920
320064 1 200
324201 837 1385
320062 1 21
319456 138 346
321006 1 162
320060 1 42
319450 290 683
319659 1 87
319459 1 78
321834 1 333
321833 1 407
315366 67 750
321831 25 781
322068 51 724
322348 40 1505
324318 1 332
324315 203 204
321933 235 326
324846 154 517
324841 1 1347
324840 1 96
319853 47 262
319851 1 4
320012 1 99
320010 1 330
320011 1 302
317320 413 1827
321009 1 85
322118 530 874
315786 1 72
320840 1 471
315784 158 161
315785 201 305
320841 1 205
322113 48 159
317212 36 175
317213 1 375
315543 55 171
316615 1 338
321051 58 1179
321119 45 214
321055 368 759
323940 49 1567
317527 41 1487
321755 489 729
315713 400 1123
321758 168 189
316715 33 45
316716 1 181
316717 1 192
319678 36 294
316718 1 311
316719 100 144
324897 30 170
316082 37 407
317626 40 2045
322633 1 249
315322 122 1354
320996 1 380
320995 26 214
321832 403 510
321973 972 1253
321879 222 356
316240 1 1224
316666 1 981
321975 1 866
320059 1 105
316985 33 503
320757 51 382
319077 52 92
319526 1 282
319524 36 1459
323980 1 202
319528 1 259
320888 1 26
320887 49 321
315506 13 100
322013 14 22
322014 1 17
318828 54 123
