276584 1 2
279694 1 2235
276586 680 773
276587 1 1006
279691 71 113
276581 79 444
276582 1 871
276583 1 52
275886 73 109
276361 802 833
276363 242 1482
279823 61 395
284040 1 33
284041 1 44
284042 1 129
284043 210 224
284044 1 30
274421 1 342
274420 94 268
274422 1 2207
280191 869 900
280194 1 238
277180 88 228
275125 1 989
275124 108 431
277166 188 431
273425 354 733
277168 1824 2223
275066 1 96
275067 1 392
277981 85 163
280349 626 626
283876 215 724
283877 1 1496
275068 1 915
278986 71 199
282807 1 326
282800 1 377
283408 2528 2542
273725 254 2545
274160 1 207
274161 1 516
273728 1 100
278805 288 288
278804 1 4
278803 299 323
278802 1 17
278801 48 85
278962 68 408
278963 25 175
279794 77 1100
276092 74 149
276542 74 857
276543 643 952
276544 2 161
276097 1 507
283059 127 451
283052 1 111
283050 1 212
275370 81 365
278240 1299 1309
276437 1076 2190
275847 1 2263
275833 117 251
278345 503 831
278346 1 117
278349 632 633
276244 3 1202
276243 482 611
276242 72 1664
277305 62 744
274344 1 632
274345 1 170
283478 324 969
275345 1 353
275344 76 356
273503 1 598
273502 815 1064
277127 440 902
277126 42 59
276808 1 875
279479 86 190
276807 66 220
280017 1 608
280016 1 149
280015 560 580
280013 1 25
282923 88 224
282922 1 131
282842 1 80
284006 73 390
281976 1 2166
281975 1 215
280018 1 1281
283270 1890 1912
276935 842 906
275337 1 427
283820 67 1548
281613 258 903
275338 1 520
279667 68 1033
281726 1 288
281727 1 1605
283308 897 948
283306 1 289
283307 156 456
283305 79 85
279760 585 728
279767 1 776
279766 1 1689
282712 10 68
282710 8 8
275659 1 17
275658 1 337
274319 1 225
274251 1 546
274317 1 3
274316 1 959
275657 1 105
274314 99 158
273158 1 1279
279993 85 156
279588 100 1259
279994 1 47
274388 1 1820
278239 560 740
283964 1 388
275890 1 1393
280242 414 627
274382 94 144
276501 223 2547
276502 2 741
274387 88 439
278874 275 478
278017 514 589
278018 1020 1181
280024 1 427
273449 1 214
279684 1 22
280020 1 45
273494 1 192
280188 1 245
274336 1 14
273447 115 412
280187 4 60
278308 1880 1880
274339 35 93
274338 1 698
276870 3260 3484
275074 444 647
275073 1 517
280330 1 857
275371 28 569
275376 2669 3096
283865 1 1177
275375 127 1449
277087 204 1191
282814 1 1843
274244 1 607
278873 70 129
281641 1 319
273448 1 391
278875 212 834
273446 1 33
274241 1161 1176
278976 1 20
278975 747 850
280249 488 1433
278406 362 1682
281797 125 2176
283049 82 93
283043 108 519
283042 1 6
279653 82 261
279654 1285 1299
279656 1 43
278274 20 85
279658 691 713
278273 75 110
283885 1 1723
283884 509 756
274172 31 95
275761 1 9
279715 523 691
279716 1530 1653
275309 55 617
278290 1 11
276585 245 246
276659 129 252
276655 595 1106
276653 72 550
276834 1 720
276831 761 2702
282917 159 191
282918 1 51
282919 1 243
275923 66 126
275921 17 20
280384 2 34
273402 100 292
273403 1 53
273406 1 112
273404 1 18
273405 2 25
277069 267 390
273408 1 6
273409 1 309
280364 1102 1363
279116 38 485
280363 1 359
279115 118 524
281693 1 2191
283548 145 288
277112 1 155
283469 74 74
283407 82 114
274146 1 67
279029 1 260
273493 1 233
273492 327 338
278820 17 1533
278822 1 1627
282708 1 8
282037 459 1862
275782 133 762
282035 1 40
282034 1 33
282033 82 117
274240 42 82
276283 3 1087
276282 537 1142
274968 1 1192
274969 1 1003
278366 1 453
278175 1 88
275963 141 172
278310 34 709
279931 1045 3022
278315 663 767
278969 1399 1460
276946 1 27
276947 135 141
276940 70 213
277148 193 700
275284 1 74
276948 1 474
283453 83 537
280327 49 85
279975 734 1121
277094 164 584
277096 1311 2086
278167 1709 2258
275912 1 289
275913 1 475
275911 356 440
278808 464 1793
275918 348 361
283353 80 822
283359 1 428
283358 245 981
280251 167 372
274999 1 1241
274998 64 782
273450 219 647
278193 77 231
275920 5 463
274200 1 678
274199 1 623
274198 81 191
274250 1 701
278509 91 1557
283283 1670 1748
278769 75 104
283933 88 232
283934 1267 1291
274335 60 1003
274442 1 752
274337 3 17
274440 92 493
279682 37 38
279683 1 26
279681 77 104
279966 79 441
278289 44 52
278288 67 81
277072 256 466
277070 311 1059
276527 1 214
276525 1626 2893
276528 4 394
276355 1 33
276458 1 341
275000 1 136
275001 1786 2061
276454 1 527
282092 624 2276
277194 2070 2070
279844 72 295
279841 407 2122
275767 1 4
273411 1 29
273410 1 90
277076 38 1037
277073 1 90
281639 1 132
277071 90 178
276545 117 213
275310 1 1929
275311 1 1253
277991 1 98
277992 262 312
275319 141 282
273554 77 437
273555 1 173
283416 154 245
274094 108 332
273730 1820 2126
278957 79 227
281707 1000 1065
273302 1 459
274955 1 91
274954 39 57
282734 1 327
282735 1235 1823
282730 89 164
282731 1 172
282732 1 69
282733 1 177
275778 1 305
275776 1 140
275777 1 300
275774 315 315
275772 1 56
275773 1 7
279080 68 224
283946 1450 1462
274971 1 905
274970 1 47
276318 106 570
276315 178 217
276317 3 138
279024 82 382
274159 1 43
276384 2 1117
275931 19 89
278770 1 767
276776 1 1823
276775 96 1260
279887 225 397
276950 1 2353
277420 293 346
284025 110 157
275291 1 347
275290 96 143
275293 144 201
275292 1 121
276794 1 885
275059 105 137
276810 1 287
276811 1272 2563
275834 1 297
284029 1 112
275836 1184 1293
274441 1 431
284035 1 360
284037 1 340
284036 143 348
284039 1 30
284038 1 55
276495 87 268
274315 1 424
279071 71 244
283830 1 722
283834 69 82
283835 16 112
283682 1 384
283681 1 17
283680 1 81
283685 1 314
279685 95 209
280383 64 65
275282 91 180
274283 2 19
275832 1 367
275835 1 13
274284 1 210
275837 198 726
274286 1 154
278923 55 467
275283 1 132
280385 1536 2022
284014 1 266
