362616 1 351
362617 1 244
362614 1 153
362615 1 149
357766 10 124
357482 1 5
357482 21 220
362618 1 274
355863 1 14
355862 121 133
361239 35 1090
362757 32 93
355456 1 501
355454 38 118
355455 1 40
360327 32 383
356969 1 236
356968 81 252
356323 1 67
356323 69 650
356322 1 19
357812 1 50
357813 1 293
357814 1 212
357815 1 944
357610 63 253
360438 1 6
357611 1 412
360432 1 28
357268 70 143
360435 1 37
360435 43 53
360437 1 40
356998 1 5
356999 1 58
361994 1 116
361990 1 204
361971 38 731
361971 733 2381
361110 1 197
361195 1 20
361197 1 960
361197 991 2177
359595 17 289
361193 1 29
361054 1 461
361050 1 10
361052 1 65
362720 52 949
362727 4 7
355679 27 85
356071 37 191
362728 1 388
356075 1 125
360393 1 124
356077 1 472
356076 1 153
362154 1 784
360392 1 61
362153 1 140
361580 1 422
362653 40 305
362159 29 35
362657 1 198
362654 1 26
362655 1 140
362655 143 144
362655 148 338
357079 1 22
355559 1 162
355558 122 409
355418 1 41
355419 1 98
361989 37 112
361989 114 151
361475 37 614
361475 617 836
361475 838 838
361475 840 1121
361475 1124 1273
357735 1 387
357735 389 821
357735 823 947
357735 949 1126
357734 1 300
357732 30 157
361579 43 905
357106 1 60
361573 1 305
357104 1 4
357102 1 13
357102 43 134
357101 54 103
360874 31 82
360876 1 341
356815 1 54
356815 176 219
356814 1 305
356814 307 309
356814 311 366
356814 368 672
356813 1 54
356812 1 107
356811 1 44
356810 44 163
355933 75 448
356956 1 109
356954 1 364
356955 1 380
356951 1 274
357781 1 10
361400 41 496
359661 42 233
356433 1 310
356435 1 3
356435 8 8
356434 1 13
360019 1 153
360019 155 1489
357898 1 313
360017 42 81
356135 46 71
357550 1 36
359806 42 410
359809 1 43
359808 1 46
355988 43 80
355988 85 90
359718 1 199
359718 202 368
361333 36 337
362058 39 209
362059 1 63
357331 1 23
360127 1 201
357333 1 207
357332 1 430
360795 1 395
360794 37 713
360797 1 5
360128 1 163
360490 8 936
360490 940 1187
360491 3 157
360491 159 179
356004 1 19
356005 1 187
357777 1 85
357779 1 74
357778 1 359
362597 1 139
355892 14 197
355445 1 242
355444 1 153
355443 1 240
355442 1 22
362696 1 1112
362696 1114 1120
362696 1122 1124
362696 1126 1128
362696 1130 1132
362696 1134 1140
362696 1142 1144
362696 1146 1148
362696 1150 1152
362696 1154 1720
362695 39 372
356919 29 116
360992 1 99
360991 41 270
361443 40 2313
356316 45 185
362439 8 34
362439 249 1595
357809 1 41
357808 1 17
357807 1 244
357806 1 56
357805 1 88
357804 1 23
357803 1 153
357802 43 206
360428 50 123
356824 1 66
359612 1 12
359751 15 1007
359750 52 186
355942 24 189
355942 193 213
356383 1 33
357899 1 637
356381 1 1193
356386 1 122
356385 1 30
355871 1 5
356446 10 623
361188 46 186
356043 1 65
359870 2 7
359871 1 228
356615 1 1297
356614 1 10
356614 16 19
356614 27 62
362163 1 65
361240 1 1015
362166 1 331
362167 1 646
356619 1 173
360761 34 190
361366 1 201
361365 1 489
361363 1 27
361362 1 31
361361 60 105
362161 1 120
360892 1 296
360890 1 216
360890 219 506
355989 1 24
357700 1 757
357701 1 310
357705 1 202
357706 1 161
361569 35 598
360948 1 119
357698 1 63
360946 1 364
360941 1 72
360942 1 344
357112 1 519
360116 77 432
360460 1 1077
356949 1 94
356948 1 88
356947 1 350
356946 1 129
361417 38 1659
361020 41 439
360413 37 126
360391 1 4
360390 5 36
360390 38 76
355999 1 9
355998 1 35
360090 1 794
356531 1 56
361320 1 382
359998 24 757
359998 759 759
359998 761 785
359998 787 1918
361280 1 267
361283 1 26
361284 1 36
356569 1 251
360131 1 378
360130 87 91
360126 1 35
360126 37 370
360486 45 322
357330 1 157
360125 132 195
360125 200 262
360125 264 324
359903 1 12
356970 1 366
360737 10 27
360820 1 885
360826 1 91
360826 93 119
360825 1 358
362437 1 11
362437 73 92
360225 1 169
360225 171 356
360224 43 259
356908 1 26
359699 28 1883
359691 19 139
359693 1 604
359694 1 1080
361512 36 849
361512 851 1573
357699 1 30
357696 31 319
357696 341 410
357697 1 39
360919 39 836
355374 59 84
360856 42 97
357081 1 759
357080 1 616
361108 1 7
360458 45 215
360458 234 246
360459 1 1332
361107 1 156
361106 1 31
361105 41 448
359764 28 1111
360295 35 771
360295 774 1475
360296 1 519
359762 44 266
359763 1 410
359763 412 459
356580 1 51
356578 1 865
359609 1 25
357447 40 50
356576 58 240
356570 1 98
359602 1 74
357441 1 83
357440 1 354
356378 8 208
356378 210 219
356378 221 304
356375 35 77
356375 101 125
356371 41 50
356371 67 72
359899 19 305
357900 1 516
361957 1 1163
356309 61 184
360075 20 429
360075 462 809
360895 1 700
362760 1 728
362091 1 1418
361318 34 490
361319 1 162
355435 42 84
361083 6 59
360889 1 36
360888 1 289
360887 12 134
355870 31 67
361223 36 730
355872 1 738
355872 758 995
355872 997 1217
360951 1 190
360950 1 179
360950 181 468
360950 470 718
356074 1 26
360945 1 91
359597 1 94
357401 48 664
357406 50 174
355913 1 106
355912 43 200
360927 37 331
360927 333 581
360927 583 1930
360920 1 4
360921 1 218
357271 1 20
357271 22 1570
356523 32 410
356523 412 898
360400 40 119
357472 34 60
357478 43 50
357479 1 1046
361044 42 166
361045 1 322
361045 325 947
361272 1 125
355768 82 126
355769 1 541
355680 1 1651
362758 1 205
357612 1 736
357613 1 256
357759 1 70
357758 1 85
362698 1 374
357757 1 9
357756 1 425
362148 39 758
357754 29 145
357001 1 183
357000 1 50
361297 38 970
359686 1 934
359685 1 132
356937 20 138
357442 1 1373
359569 1 83
361468 3 1883
361303 36 2275
357720 32 92
357688 1 380
355381 1 358
355921 38 442
359776 104 432
357538 39 63
359575 1 13
359575 15 24
359575 26 35
359575 37 46
359575 48 57
359575 59 68
359575 70 89
357438 35 230
356568 42 64
359571 1 4
359571 7 28
359571 30 39
359571 41 50
359571 52 61
359571 63 72
359571 74 83
359571 85 94
359571 96 105
359571 107 116
359571 118 127
359571 129 138
359571 140 149
359571 151 160
359571 162 169
356563 36 113
356563 117 164
356563 168 177
356563 181 191
356563 193 194
356563 199 343
356428 1 300
360141 25 775
356582 7 104
356426 39 60
359887 30 502
359812 1 227
359810 1 183
357542 1 11
357542 13 252
359814 1 366
362087 1 13
362087 15 146
362064 93 218
362064 220 508
362064 510 1067
362061 1 314
362060 1 83
362060 85 85
362063 1 70
362063 77 92
362062 1 207
362106 1 78
362107 1 785
362104 33 147
362105 1 179
357328 44 105
357329 1 668
361091 38 418
355429 42 89
