304737 69 149
304739 3 16
304738 1 1681
304740 1 278
302041 1 72
302040 1 174
302043 1 228
302042 1 523
301664 28 445
300459 40 332
297411 807 950
301384 1 476
300399 1 20
300398 1 20
300393 1 20
300392 1 21
300391 1 21
300390 2 21
300397 1 20
300396 1 20
300395 1 20
300394 1 21
297484 214 214
300497 26 175
306041 1 320
300558 8 548
306042 1 371
299000 4 77
306049 1 358
306048 1 140
302038 10 10
302448 486 1926
301461 28 581
302548 40 124
297665 214 279
297666 86 121
300087 218 239
302350 1 136
297468 1 74
297469 9 70
297467 50 138
305064 1 2045
305062 1 8
305063 1 35
305377 1386 1525
297563 260 264
297562 120 369
299479 1 123
305766 55 902
301567 14 372
306457 1 31
306454 13 101
306455 1 11
306458 258 268
297674 108 188
299477 82 87
302492 23 59
302493 1 7
305809 56 197
302494 1 618
300375 1 93
300374 1 21
300371 1 20
300370 1 20
300373 1 21
300372 1 8
301959 30 1938
306092 593 976
306091 422 629
306095 1 300
305114 1 526
305112 68 1527
305113 9 72
304120 1 253
305282 75 207
301519 42 250
300106 1 74
300107 30 47
300105 1 21
300515 957 1013
300514 38 150
300517 103 623
300516 1 111
304292 1781 1811
304291 56 85
302031 678 818
302033 44 46
302034 1 20
302037 18 20
301475 1 18
301476 1 844
301472 35 830
304125 1 1769
305349 1 34
297426 90 111
303825 1 180
297424 32 149
297425 112 157
305341 1 503
297429 1 72
300811 6 508
300812 1 59
300816 6 161
300817 410 493
306135 1 1095
306134 53 84
306139 1 1112
306138 1 1298
297101 943 1101
297100 375 381
302159 33 140
304199 10 18
297675 470 471
305236 1 23
305234 52 99
302513 37 89
305338 1 107
305336 36 241
302328 42 722
301323 477 990
301694 36 102
301912 101 422
301913 1 58
301914 1 350
299443 145 164
297558 9 266
299370 47 705
297557 180 394
300673 59 66
300674 1 33
300675 1 33
300676 1 26
301141 25 31
300777 21 509
301142 1 897
306169 1 745
300635 26 176
299593 179 896
299594 1 317
299595 138 138
299597 93 540
297178 1290 1385
305237 18 1147
297486 603 625
304000 1 56
305208 1 372
297175 1 85
297176 125 214
297177 1 162
302526 1 582
304797 1205 2950
305207 52 1077
297604 381 407
297605 257 407
300560 645 844
297215 1 47
302523 1 59
303998 58 319
303999 1 751
301283 3 886
301281 38 157
305376 71 168
304671 51 1193
304672 1 60
302553 1 188
302551 1 7
297670 21 34
302555 1 11
302554 1 7
304170 1 620
302166 1 16
302165 1 85
302163 674 1230
297598 22 33
297599 395 407
300389 60 149
297219 2010 2638
297218 1 27
300636 338 1572
300631 75 226
300632 1 21
300633 1 447
297606 99 231
297359 164 180
305204 1 1229
302525 747 778
302522 29 46
297603 1 420
299649 151 332
305814 1077 1912
301359 33 319
302485 1 922
302484 8 176
301941 31 568
297505 1 394
297504 125 136
297503 777 779
302634 596 638
302635 1236 1291
300117 35 67
305862 81 705
302322 33 870
302388 164 717
304451 1 60
306036 60 63
306037 1 49
306030 1 110
304169 1731 1733
301179 35 59
306038 1 139
301448 1 329
301449 1 404
302029 1 98
302026 66 72
301447 404 512
304354 82 295
297431 71 188
300806 36 214
297433 1 159
297432 1 112
297435 1 94
297434 1 161
303838 83 2044
303832 1338 1913
305406 540 1475
301997 37 407
301998 1 1704
302240 1 960
305967 1 32
300238 62 329
300239 171 213
299062 166 303
299064 7 85
299065 251 342
299067 1 459
300233 43 162
300234 1 59
300235 1 187
300236 11 187
300237 716 717
303948 55 1678
302563 40 46
305247 57 433
302565 1 7
305248 1 957
302337 27 162
297485 321 420
304144 2598 2656
297487 609 613
305081 52 1107
297099 24 62
297483 206 214
304626 1 8
304625 73 536
297488 80 424
297723 51 222
297722 165 353
299369 1 303
299368 37 175
299450 39 88
300742 56 343
299042 33 55
306432 1 339
305821 59 830
300155 35 1229
300157 9 1107
300156 1 72
299096 2 97
300401 19 673
300400 1 677
302661 1 72
302663 1 706
299396 1 81
299394 5 33
299395 1 187
301165 1 145
301161 36 805
301046 162 223
304562 60 848
300576 125 1206
300575 1 82
300574 15 111
303885 60 2052
299149 29 470
302019 34 86
299478 1 175
304366 1424 1873
306456 239 787
304663 1 689
304662 1 150
304661 237 240
305365 676 832
305364 50 147
305366 769 1254
301298 45 949
305898 70 780
302277 194 391
304062 54 2014
305590 517 1020
302279 1 71
305044 318 330
305045 1 873
305046 671 686
306459 514 2275
305440 20 291
305441 1 121
297224 24 138
297225 1 32
299329 1 172
297227 9 192
305188 1 1002
305184 1 8
305186 120 422
299327 1 72
305180 1 9
305183 262 266
305182 1 8
304616 747 1002
300780 3 341
300785 1219 1272
301970 6 123
297293 127 150
297292 675 753
297296 425 497
302572 6 291
301530 1 110
301531 1 394
301532 1 611
299420 2 50
300122 927 1295
300123 387 612
302393 1 887
302392 45 407
304447 540 1644
304446 110 111
304333 74 1653
301450 1 173
306029 63 96
302343 1 98
304200 1 321
304204 55 607
304209 255 477
302280 1 152
301398 1 9
301399 1 108
301396 1 33
301397 231 728
301391 38 214
301392 1 627
301393 2 18
302131 71 943
300226 43 448
301985 1 367
301984 17 317
301987 1 1128
301986 1 381
302472 28 808
302473 398 406
306051 1 415
302474 1 305
299178 58 111
301627 57 943
302476 1 259
302573 730 1285
305252 1 548
297656 393 433
297308 1 44
302342 19 72
302479 225 340
302344 3 482
305310 163 458
305311 1 153
305312 1 227
305313 1 741
305314 1 404
304158 1752 2087
304654 53 704
304655 1 1194
302229 1 457
302228 81 293
302225 136 923
305902 53 521
297430 1 199
305178 69 124
305179 1 21
298997 47 47
298996 33 216
306423 1 333
306422 9 126
306420 1 108
304119 143 150
300366 1 21
300367 1 20
300364 27 46
300365 1 20
305832 87 266
300368 1 20
300369 1 20
305405 573 575
301417 50 367
302651 1 149
302654 1 317
299381 1 45
299380 34 227
306153 78 165
304778 4 1300
306155 1 1440
306154 709 1233
300240 51 362
301665 319 487
304777 438 510
304776 49 98
300464 126 265
300467 1 563
300466 1 650
300461 1 98
300463 1 124
300462 1 97
299480 1 715
299481 1061 1257
305358 233 253
299061 38 355
305350 1 21
305351 1 868
305059 520 575
305589 1 691
302263 1 1250
302262 37 471
304508 1 1324
304506 1 370
304507 1 239
304505 60 86
305586 53 583
306126 1 497
306125 2667 3007
306122 1 127
301529 1 49
305202 136 729
306121 57 152
301180 1 97
301183 13 303
297113 211 252
305516 558 639
305517 1 163
297114 106 161
305518 1 1134
297050 193 776
297057 516 906
297056 12 203
305636 671 2390
302509 73 92
297620 32 318
306460 1 73
301330 22 353
300284 691 751
300281 3 8
300280 663 691
300283 1 34
300282 156 186
301960 1 147
305181 1 8
299180 5 98
299185 1 120
299184 1 561
302475 1 7
306418 35 75
306419 1 62
302597 1 1054
302596 710 986
301524 117 263
305840 1 1144
306171 1 503
305842 1 862
306170 1 22
